83.93
84.41
26.92
84.19
114.96
25.30
96.12
0.31
9.61
35.28
112.45
57.29
81.75
91.94
88.96
94.63
76.15
19.18
66.57
12.68
93.53
50.63
122.56
16.05
48.21
35.43
88.78
51.00
77.20
38.62
80.65
75.27
16.57
75.76
3.66
44.62
27.26
8.62
102.42
111.02
63.68
92.69
97.28
0.42
8.61
56.30
15.78
124.36
73.24
31.36
95.20
55.11
105.54
21.43
108.87
56.44
14.38
9.49
26.89
39.03
100.32
25.42
62.50
98.97
62.22
10.90
2.25
75.76
71.47
13.96
22.68
82.60
72.89
114.79
82.61
91.06
7.92
29.96
73.29
20.15
87.39
63.92
84.32
10.98
66.40
98.06
25.56
37.30
69.76
6.18
59.74
85.09
5.83
8.40
97.06
80.19
116.39
25.20
106.47
52.15
113.67
68.42
84.13
70.07
29.66
107.10
61.87
21.78
95.29
47.79
38.20
81.95
55.01
96.49
46.40
101.92
54.00
72.88
112.22
29.81
112.23
101.30
100.26
83.03
95.24
8.33
25.20
122.92
7.63
87.01
64.26
21.40
120.01
19.53
123.80
13.30
20.23
57.41
12.12
95.14
28.65
41.14
51.10
86.33
36.25
0.07
72.45
12.47
87.44
33.09
64.22
2.10
62.51
55.86
10.15
33.55
116.74
61.44
73.50
1.94
105.49
28.47
93.07
72.96
65.52
23.18
7.11
25.31
59.22
5.73
50.99
6.50
68.61
114.91
11.57
88.89
26.17
21.00
90.46
87.00
113.97
51.82
29.50
35.70
26.85
89.13
84.97
30.22
103.77
74.56
77.44
43.31
84.87
107.69
91.36
113.15
124.20
62.80
77.72
61.79
80.51
20.44
124.74
33.15
20.11
105.69
4.64
7.86
47.12
46.25
30.08
57.83
27.14
35.38
11.45
73.20
116.01
58.00
70.27
26.63
119.74
86.43
110.96
36.12
96.51
102.14
6.42
46.42
15.28
124.75
13.58
121.97
84.29
80.80
102.63
4.62
55.28
46.30
8.35
113.94
22.42
24.92
18.52
54.68
91.29
101.85
53.17
72.20
45.49
42.53
