104.91
105.51
33.65
105.24
143.70
31.63
120.15
0.39
12.01
44.10
140.56
71.61
102.19
114.93
111.20
118.29
95.19
23.98
83.21
15.85
116.91
63.29
153.20
20.06
60.26
44.29
110.98
63.75
96.50
48.28
100.81
94.09
20.71
94.70
4.58
55.78
34.08
10.77
128.03
138.78
79.60
115.86
121.60
0.53
10.76
70.38
19.72
155.45
91.55
39.20
119.00
68.89
131.93
26.79
136.09
70.55
17.98
11.86
33.61
48.79
125.40
31.78
78.13
123.71
77.78
13.63
2.81
94.70
89.34
17.45
28.35
103.25
91.11
143.49
103.26
113.83
9.90
37.45
91.61
25.19
109.24
79.90
105.40
13.73
83.00
122.58
31.95
46.63
87.20
7.73
74.68
106.36
7.29
10.50
121.33
100.24
145.49
31.50
133.09
65.19
142.09
85.53
105.16
87.59
37.08
133.88
77.34
27.23
119.11
59.74
47.75
102.44
68.76
120.61
58.00
127.40
67.50
91.10
140.28
37.26
140.29
126.63
125.33
103.79
119.05
10.41
31.50
153.65
9.54
108.76
80.33
26.75
150.01
24.41
154.75
16.63
25.29
71.76
15.15
118.93
35.81
51.43
63.88
107.91
45.31
0.09
90.56
15.59
109.30
41.36
80.28
2.63
78.14
69.83
12.69
41.94
145.92
76.80
91.88
2.43
131.86
35.59
116.34
91.20
81.90
28.98
8.89
31.64
74.03
7.16
63.74
8.13
85.76
143.64
14.46
111.11
32.71
26.25
113.07
108.75
142.46
64.78
36.88
44.63
33.56
111.41
106.21
37.78
129.71
93.20
96.80
54.14
106.09
134.61
114.20
141.44
155.25
78.50
97.15
77.24
100.64
25.55
155.92
41.44
25.14
132.11
5.80
9.83
58.90
57.81
37.60
72.29
33.93
44.23
14.31
91.50
145.01
72.50
87.84
33.29
149.67
108.04
138.70
45.15
120.64
127.68
8.03
58.03
19.10
155.94
16.98
152.46
105.36
101.00
128.29
5.78
69.10
57.88
10.44
142.43
28.03
31.15
23.15
68.35
114.11
127.31
66.46
90.25
56.86
53.16
